Processing channels 1
Loading reference frame from: /home/thomasli/spherex/selfcal/outputs/nep_det3_6p2arcsec/ref.fits
Solving least squares for 89679979 unknowns with 245011015 equations.
 
LSQR            Least-squares solution of  Ax = b
The matrix A has 245011015 rows and 89679979 columns
damp = 1.00000000000000e-02   calc_var =        0
atol = 1.00e-06                 conlim = 1.00e+08
btol = 1.00e-06               iter_lim =      300
 
   Itn      x[0]       r1norm     r2norm   Compatible    LS      Norm A   Cond A
     0  0.00000e+00   2.898e+04  2.898e+04    1.0e+00  1.7e-01
     1  0.00000e+00   3.586e+03  3.586e+03    1.2e-01  8.4e-01   4.9e+03  1.0e+00
     2  0.00000e+00   1.799e+03  1.799e+03    6.2e-02  2.5e-01   6.8e+03  2.0e+00
     3  0.00000e+00   1.630e+03  1.630e+03    5.6e-02  1.1e-01   8.0e+03  3.1e+00
     4  0.00000e+00   1.587e+03  1.587e+03    5.5e-02  4.8e-02   9.0e+03  4.4e+00
     5  0.00000e+00   1.576e+03  1.576e+03    5.4e-02  2.6e-02   9.9e+03  5.7e+00
     6  0.00000e+00   1.572e+03  1.572e+03    5.4e-02  1.6e-02   1.1e+04  7.2e+00
     7  0.00000e+00   1.569e+03  1.569e+03    5.4e-02  1.1e-02   1.1e+04  8.9e+00
     8  0.00000e+00   1.568e+03  1.568e+03    5.4e-02  8.2e-03   1.2e+04  1.1e+01
     9  0.00000e+00   1.567e+03  1.567e+03    5.4e-02  7.2e-03   1.3e+04  1.3e+01
    10  0.00000e+00   1.566e+03  1.566e+03    5.4e-02  6.5e-03   1.3e+04  1.6e+01
   193  0.00000e+00   1.398e+03  1.398e+03    4.8e-02  1.0e-05   5.7e+04  7.9e+03
   202  0.00000e+00   1.398e+03  1.398e+03    4.8e-02  9.7e-06   5.8e+04  8.5e+03
   214  0.00000e+00   1.398e+03  1.398e+03    4.8e-02  7.1e-06   6.0e+04  9.2e+03
   215  0.00000e+00   1.398e+03  1.398e+03    4.8e-02  9.1e-06   6.0e+04  9.2e+03
   225  0.00000e+00   1.398e+03  1.398e+03    4.8e-02  9.5e-06   6.2e+04  9.9e+03
   226  0.00000e+00   1.398e+03  1.398e+03    4.8e-02  7.3e-06   6.2e+04  9.9e+03
   235  0.00000e+00   1.398e+03  1.398e+03    4.8e-02  7.4e-06   6.3e+04  1.1e+04
   236  0.00000e+00   1.398e+03  1.398e+03    4.8e-02  7.3e-06   6.3e+04  1.1e+04
   249  0.00000e+00   1.398e+03  1.398e+03    4.8e-02  6.0e-06   6.5e+04  1.1e+04
   250  0.00000e+00   1.398e+03  1.398e+03    4.8e-02  5.9e-06   6.5e+04  1.1e+04
   260  0.00000e+00   1.398e+03  1.398e+03    4.8e-02  4.9e-06   6.6e+04  1.2e+04
   261  0.00000e+00   1.398e+03  1.398e+03    4.8e-02  7.1e-06   6.6e+04  1.2e+04
   266  0.00000e+00   1.398e+03  1.398e+03    4.8e-02  9.8e-06   6.7e+04  1.2e+04
   273  0.00000e+00   1.398e+03  1.398e+03    4.8e-02  9.1e-06   6.8e+04  1.3e+04
   276  0.00000e+00   1.398e+03  1.398e+03    4.8e-02  5.9e-06   6.8e+04  1.3e+04
   277  0.00000e+00   1.398e+03  1.398e+03    4.8e-02  4.4e-06   6.8e+04  1.3e+04
   288  0.00000e+00   1.398e+03  1.398e+03    4.8e-02  6.0e-06   7.0e+04  1.4e+04
   289  0.00000e+00   1.398e+03  1.398e+03    4.8e-02  3.9e-06   7.0e+04  1.4e+04
   290  0.00000e+00   1.398e+03  1.398e+03    4.8e-02  9.3e-06   7.0e+04  1.4e+04
   291  0.00000e+00   1.398e+03  1.398e+03    4.8e-02  1.3e-05   7.0e+04  1.4e+04
   292  0.00000e+00   1.398e+03  1.398e+03    4.8e-02  2.3e-05   7.0e+04  1.4e+04
   293  0.00000e+00   1.398e+03  1.398e+03    4.8e-02  3.8e-05   7.0e+04  1.4e+04
   294  0.00000e+00   1.398e+03  1.398e+03    4.8e-02  1.1e-04   7.0e+04  1.4e+04
   295  0.00000e+00   1.398e+03  1.398e+03    4.8e-02  1.1e-04   7.0e+04  1.5e+04
   296  0.00000e+00   1.398e+03  1.398e+03    4.8e-02  2.9e-05   7.1e+04  1.5e+04
   297  0.00000e+00   1.398e+03  1.398e+03    4.8e-02  1.3e-05   7.1e+04  1.5e+04
   298  0.00000e+00   1.398e+03  1.398e+03    4.8e-02  5.9e-06   7.1e+04  1.5e+04
   299  0.00000e+00   1.398e+03  1.398e+03    4.8e-02  3.3e-06   7.1e+04  1.5e+04
   300  0.00000e+00   1.398e+03  1.398e+03    4.8e-02  7.2e-06   7.1e+04  1.5e+04
 
LSQR finished
The iteration limit has been reached                      
 
istop =       7   r1norm = 1.4e+03   anorm = 7.1e+04   arnorm = 7.2e+02
itn   =     300   r2norm = 1.4e+03   acond = 1.5e+04   xnorm  = 3.0e+01
 
Calibration saved to /home/thomasli/spherex/selfcal/outputs/nep_det3_6p2arcsec/calibration/cal_det3_ch1.h5
Processing channels 2
Loading reference frame from: /home/thomasli/spherex/selfcal/outputs/nep_det3_6p2arcsec/ref.fits
Solving least squares for 89679979 unknowns with 260381978 equations.
 
LSQR            Least-squares solution of  Ax = b
The matrix A has 260381978 rows and 89679979 columns
damp = 1.00000000000000e-02   calc_var =        0
atol = 1.00e-06                 conlim = 1.00e+08
btol = 1.00e-06               iter_lim =      300
 
   Itn      x[0]       r1norm     r2norm   Compatible    LS      Norm A   Cond A
     0  0.00000e+00   2.976e+04  2.976e+04    1.0e+00  1.7e-01
     1  0.00000e+00   3.312e+03  3.312e+03    1.1e-01  8.1e-01   5.0e+03  1.0e+00
     2  0.00000e+00   1.821e+03  1.821e+03    6.1e-02  1.9e-01   7.0e+03  2.0e+00
     3  0.00000e+00   1.724e+03  1.724e+03    5.8e-02  7.8e-02   8.2e+03  3.1e+00
     4  0.00000e+00   1.696e+03  1.696e+03    5.7e-02  3.7e-02   9.1e+03  4.4e+00
     5  0.00000e+00   1.690e+03  1.690e+03    5.7e-02  1.4e-02   1.0e+04  5.7e+00
     6  0.00000e+00   1.689e+03  1.689e+03    5.7e-02  4.5e-03   1.1e+04  6.9e+00
     7  0.00000e+00   1.689e+03  1.689e+03    5.7e-02  2.4e-03   1.2e+04  8.1e+00
     8  0.00000e+00   1.689e+03  1.689e+03    5.7e-02  3.2e-03   1.2e+04  1.0e+01
     9  0.00000e+00   1.689e+03  1.689e+03    5.7e-02  4.5e-03   1.3e+04  1.5e+01
    10  0.00000e+00   1.688e+03  1.688e+03    5.7e-02  9.5e-03   1.4e+04  2.7e+01
   156  0.00000e+00   1.498e+03  1.498e+03    5.0e-02  8.1e-06   5.3e+04  7.6e+03
   163  0.00000e+00   1.498e+03  1.498e+03    5.0e-02  6.9e-06   5.4e+04  8.2e+03
   172  0.00000e+00   1.498e+03  1.498e+03    5.0e-02  8.7e-06   5.6e+04  8.8e+03
   173  0.00000e+00   1.498e+03  1.498e+03    5.0e-02  6.9e-06   5.6e+04  8.9e+03
   180  0.00000e+00   1.498e+03  1.498e+03    5.0e-02  5.2e-06   5.7e+04  9.5e+03
   187  0.00000e+00   1.498e+03  1.498e+03    5.0e-02  5.8e-06   5.8e+04  1.0e+04
   190  0.00000e+00   1.498e+03  1.498e+03    5.0e-02  9.2e-06   5.9e+04  1.0e+04
   191  0.00000e+00   1.498e+03  1.498e+03    5.0e-02  9.8e-06   5.9e+04  1.0e+04
   197  0.00000e+00   1.497e+03  1.497e+03    5.0e-02  4.9e-06   6.0e+04  1.1e+04
   198  0.00000e+00   1.497e+03  1.497e+03    5.0e-02  6.1e-06   6.0e+04  1.1e+04
   207  0.00000e+00   1.497e+03  1.497e+03    5.0e-02  9.6e-06   6.1e+04  1.2e+04
   208  0.00000e+00   1.497e+03  1.497e+03    5.0e-02  3.8e-06   6.1e+04  1.2e+04
   209  0.00000e+00   1.497e+03  1.497e+03    5.0e-02  7.5e-06   6.2e+04  1.2e+04
   216  0.00000e+00   1.497e+03  1.497e+03    5.0e-02  5.2e-06   6.3e+04  1.2e+04
   217  0.00000e+00   1.497e+03  1.497e+03    5.0e-02  3.6e-06   6.3e+04  1.2e+04
   224  0.00000e+00   1.497e+03  1.497e+03    5.0e-02  4.2e-06   6.4e+04  1.3e+04
   225  0.00000e+00   1.497e+03  1.497e+03    5.0e-02  5.9e-06   6.4e+04  1.3e+04
   228  0.00000e+00   1.497e+03  1.497e+03    5.0e-02  6.8e-06   6.4e+04  1.3e+04
   229  0.00000e+00   1.497e+03  1.497e+03    5.0e-02  5.9e-06   6.4e+04  1.3e+04
   234  0.00000e+00   1.497e+03  1.497e+03    5.0e-02  4.2e-06   6.5e+04  1.4e+04
   235  0.00000e+00   1.497e+03  1.497e+03    5.0e-02  3.3e-06   6.5e+04  1.4e+04
   236  0.00000e+00   1.497e+03  1.497e+03    5.0e-02  8.1e-06   6.5e+04  1.4e+04
   245  0.00000e+00   1.497e+03  1.497e+03    5.0e-02  3.5e-06   6.7e+04  1.5e+04
   246  0.00000e+00   1.497e+03  1.497e+03    5.0e-02  3.1e-06   6.7e+04  1.5e+04
   247  0.00000e+00   1.497e+03  1.497e+03    5.0e-02  6.3e-06   6.7e+04  1.5e+04
   253  0.00000e+00   1.497e+03  1.497e+03    5.0e-02  5.3e-06   6.8e+04  1.5e+04
   254  0.00000e+00   1.497e+03  1.497e+03    5.0e-02  2.2e-06   6.8e+04  1.5e+04
   255  0.00000e+00   1.497e+03  1.497e+03    5.0e-02  6.7e-06   6.8e+04  1.5e+04
   259  0.00000e+00   1.497e+03  1.497e+03    5.0e-02  2.3e-06   6.9e+04  1.6e+04
   260  0.00000e+00   1.497e+03  1.497e+03    5.0e-02  3.1e-06   6.9e+04  1.6e+04
   266  0.00000e+00   1.497e+03  1.497e+03    5.0e-02  2.2e-06   7.0e+04  1.7e+04
   267  0.00000e+00   1.497e+03  1.497e+03    5.0e-02  2.7e-06   7.0e+04  1.7e+04
   275  0.00000e+00   1.497e+03  1.497e+03    5.0e-02  6.7e-06   7.1e+04  1.8e+04
   276  0.00000e+00   1.497e+03  1.497e+03    5.0e-02  2.0e-06   7.1e+04  1.8e+04
   277  0.00000e+00   1.497e+03  1.497e+03    5.0e-02  2.7e-06   7.1e+04  1.8e+04
   283  0.00000e+00   1.497e+03  1.497e+03    5.0e-02  9.2e-06   7.2e+04  1.9e+04
   286  0.00000e+00   1.497e+03  1.497e+03    5.0e-02  1.9e-06   7.2e+04  1.9e+04
   287  0.00000e+00   1.497e+03  1.497e+03    5.0e-02  2.2e-06   7.2e+04  1.9e+04
   290  0.00000e+00   1.497e+03  1.497e+03    5.0e-02  5.8e-05   7.3e+04  1.9e+04
   291  0.00000e+00   1.497e+03  1.497e+03    5.0e-02  4.2e-05   7.3e+04  1.9e+04
   292  0.00000e+00   1.497e+03  1.497e+03    5.0e-02  2.2e-05   7.3e+04  2.0e+04
   293  0.00000e+00   1.497e+03  1.497e+03    5.0e-02  4.0e-06   7.3e+04  2.0e+04
   294  0.00000e+00   1.497e+03  1.497e+03    5.0e-02  1.6e-06   7.3e+04  2.0e+04
   295  0.00000e+00   1.497e+03  1.497e+03    5.0e-02  4.1e-06   7.3e+04  2.0e+04
   296  0.00000e+00   1.497e+03  1.497e+03    5.0e-02  1.5e-05   7.3e+04  2.0e+04
   297  0.00000e+00   1.497e+03  1.497e+03    5.0e-02  2.3e-05   7.3e+04  2.0e+04
   298  0.00000e+00   1.497e+03  1.497e+03    5.0e-02  1.1e-05   7.4e+04  2.0e+04
   299  0.00000e+00   1.497e+03  1.497e+03    5.0e-02  8.1e-06   7.4e+04  2.0e+04
   300  0.00000e+00   1.497e+03  1.497e+03    5.0e-02  2.7e-05   7.4e+04  2.0e+04
 
LSQR finished
The iteration limit has been reached                      
 
istop =       7   r1norm = 1.5e+03   anorm = 7.4e+04   arnorm = 3.0e+03
itn   =     300   r2norm = 1.5e+03   acond = 2.0e+04   xnorm  = 3.2e+01
 
Calibration saved to /home/thomasli/spherex/selfcal/outputs/nep_det3_6p2arcsec/calibration/cal_det3_ch2.h5
Processing channels 3
Loading reference frame from: /home/thomasli/spherex/selfcal/outputs/nep_det3_6p2arcsec/ref.fits
Solving least squares for 89679979 unknowns with 279009473 equations.
 
LSQR            Least-squares solution of  Ax = b
The matrix A has 279009473 rows and 89679979 columns
damp = 1.00000000000000e-02   calc_var =        0
atol = 1.00e-06                 conlim = 1.00e+08
btol = 1.00e-06               iter_lim =      300
 
   Itn      x[0]       r1norm     r2norm   Compatible    LS      Norm A   Cond A
     0  0.00000e+00   3.076e+04  3.076e+04    1.0e+00  1.7e-01
     1  0.00000e+00   3.373e+03  3.373e+03    1.1e-01  7.8e-01   5.3e+03  1.0e+00
     2  0.00000e+00   1.964e+03  1.964e+03    6.4e-02  1.6e-01   7.3e+03  2.0e+00
     3  0.00000e+00   1.891e+03  1.891e+03    6.1e-02  5.6e-02   8.6e+03  3.1e+00
     4  0.00000e+00   1.876e+03  1.876e+03    6.1e-02  2.7e-02   9.6e+03  4.4e+00
     5  0.00000e+00   1.872e+03  1.872e+03    6.1e-02  1.0e-02   1.1e+04  5.7e+00
     6  0.00000e+00   1.871e+03  1.871e+03    6.1e-02  3.4e-03   1.2e+04  6.9e+00
     7  0.00000e+00   1.871e+03  1.871e+03    6.1e-02  2.4e-03   1.2e+04  8.1e+00
     8  0.00000e+00   1.871e+03  1.871e+03    6.1e-02  5.7e-03   1.3e+04  1.2e+01
     9  0.00000e+00   1.867e+03  1.867e+03    6.1e-02  2.3e-02   1.4e+04  4.3e+01
    10  0.00000e+00   1.820e+03  1.820e+03    5.9e-02  5.5e-02   1.4e+04  1.6e+02
   151  0.00000e+00   1.632e+03  1.632e+03    5.3e-02  8.3e-06   5.5e+04  8.0e+03
   165  0.00000e+00   1.632e+03  1.632e+03    5.3e-02  7.8e-06   5.8e+04  8.8e+03
   174  0.00000e+00   1.632e+03  1.632e+03    5.3e-02  5.8e-06   5.9e+04  9.5e+03
   183  0.00000e+00   1.632e+03  1.632e+03    5.3e-02  5.4e-06   6.1e+04  1.0e+04
   184  0.00000e+00   1.632e+03  1.632e+03    5.3e-02  9.9e-06   6.1e+04  1.0e+04
   192  0.00000e+00   1.632e+03  1.632e+03    5.3e-02  6.9e-06   6.2e+04  1.1e+04
   193  0.00000e+00   1.632e+03  1.632e+03    5.3e-02  5.5e-06   6.2e+04  1.1e+04
   200  0.00000e+00   1.632e+03  1.632e+03    5.3e-02  4.6e-06   6.3e+04  1.2e+04
   201  0.00000e+00   1.632e+03  1.632e+03    5.3e-02  6.7e-06   6.3e+04  1.2e+04
   206  0.00000e+00   1.632e+03  1.632e+03    5.3e-02  4.1e-06   6.4e+04  1.2e+04
   207  0.00000e+00   1.632e+03  1.632e+03    5.3e-02  5.9e-06   6.4e+04  1.2e+04
   212  0.00000e+00   1.632e+03  1.632e+03    5.3e-02  7.9e-06   6.5e+04  1.3e+04
   213  0.00000e+00   1.632e+03  1.632e+03    5.3e-02  3.4e-06   6.5e+04  1.3e+04
   218  0.00000e+00   1.632e+03  1.632e+03    5.3e-02  7.0e-06   6.6e+04  1.4e+04
   219  0.00000e+00   1.632e+03  1.632e+03    5.3e-02  3.0e-06   6.6e+04  1.4e+04
   227  0.00000e+00   1.632e+03  1.632e+03    5.3e-02  5.9e-06   6.8e+04  1.4e+04
   228  0.00000e+00   1.632e+03  1.632e+03    5.3e-02  4.7e-06   6.8e+04  1.4e+04
   229  0.00000e+00   1.632e+03  1.632e+03    5.3e-02  4.3e-06   6.8e+04  1.4e+04
   230  0.00000e+00   1.632e+03  1.632e+03    5.3e-02  6.6e-06   6.8e+04  1.4e+04
   238  0.00000e+00   1.632e+03  1.632e+03    5.3e-02  5.1e-06   6.9e+04  1.5e+04
   239  0.00000e+00   1.632e+03  1.632e+03    5.3e-02  6.5e-06   6.9e+04  1.5e+04
   241  0.00000e+00   1.632e+03  1.632e+03    5.3e-02  5.9e-06   7.0e+04  1.5e+04
   242  0.00000e+00   1.632e+03  1.632e+03    5.3e-02  3.1e-06   7.0e+04  1.5e+04
   243  0.00000e+00   1.632e+03  1.632e+03    5.3e-02  8.9e-06   7.0e+04  1.5e+04
   250  0.00000e+00   1.632e+03  1.632e+03    5.3e-02  7.9e-06   7.1e+04  1.6e+04
   251  0.00000e+00   1.632e+03  1.632e+03    5.3e-02  2.2e-06   7.1e+04  1.6e+04
   252  0.00000e+00   1.632e+03  1.632e+03    5.3e-02  5.5e-06   7.1e+04  1.6e+04
   257  0.00000e+00   1.632e+03  1.632e+03    5.3e-02  4.6e-06   7.2e+04  1.7e+04
   258  0.00000e+00   1.632e+03  1.632e+03    5.3e-02  8.5e-06   7.2e+04  1.7e+04
   260  0.00000e+00   1.632e+03  1.632e+03    5.3e-02  7.4e-06   7.2e+04  1.7e+04
   261  0.00000e+00   1.632e+03  1.632e+03    5.3e-02  2.6e-06   7.2e+04  1.7e+04
   262  0.00000e+00   1.632e+03  1.632e+03    5.3e-02  3.9e-06   7.2e+04  1.7e+04
   266  0.00000e+00   1.632e+03  1.632e+03    5.3e-02  7.0e-06   7.3e+04  1.8e+04
   267  0.00000e+00   1.632e+03  1.632e+03    5.3e-02  3.3e-06   7.3e+04  1.8e+04
   268  0.00000e+00   1.632e+03  1.632e+03    5.3e-02  2.9e-06   7.3e+04  1.8e+04
   269  0.00000e+00   1.632e+03  1.632e+03    5.3e-02  3.1e-06   7.3e+04  1.8e+04
   270  0.00000e+00   1.632e+03  1.632e+03    5.3e-02  7.3e-06   7.4e+04  1.8e+04
   274  0.00000e+00   1.632e+03  1.632e+03    5.3e-02  5.6e-06   7.4e+04  1.9e+04
   275  0.00000e+00   1.632e+03  1.632e+03    5.3e-02  1.8e-06   7.4e+04  1.9e+04
   276  0.00000e+00   1.632e+03  1.632e+03    5.3e-02  4.5e-06   7.4e+04  1.9e+04
   280  0.00000e+00   1.632e+03  1.632e+03    5.3e-02  3.6e-06   7.5e+04  1.9e+04
   281  0.00000e+00   1.632e+03  1.632e+03    5.3e-02  1.7e-06   7.5e+04  1.9e+04
   282  0.00000e+00   1.632e+03  1.632e+03    5.3e-02  5.3e-06   7.5e+04  1.9e+04
   285  0.00000e+00   1.632e+03  1.632e+03    5.3e-02  8.1e-06   7.6e+04  2.0e+04
   286  0.00000e+00   1.632e+03  1.632e+03    5.3e-02  1.8e-06   7.6e+04  2.0e+04
   287  0.00000e+00   1.632e+03  1.632e+03    5.3e-02  2.4e-06   7.6e+04  2.0e+04
   290  0.00000e+00   1.632e+03  1.632e+03    5.3e-02  4.3e-05   7.6e+04  2.1e+04
   291  0.00000e+00   1.632e+03  1.632e+03    5.3e-02  6.2e-06   7.7e+04  2.1e+04
   292  0.00000e+00   1.632e+03  1.632e+03    5.3e-02  3.0e-06   7.7e+04  2.1e+04
   293  0.00000e+00   1.632e+03  1.632e+03    5.3e-02  9.3e-06   7.7e+04  2.1e+04
   294  0.00000e+00   1.632e+03  1.632e+03    5.3e-02  5.8e-06   7.7e+04  2.1e+04
   295  0.00000e+00   1.632e+03  1.632e+03    5.3e-02  1.8e-06   7.7e+04  2.1e+04
   296  0.00000e+00   1.632e+03  1.632e+03    5.3e-02  3.2e-06   7.7e+04  2.1e+04
   297  0.00000e+00   1.632e+03  1.632e+03    5.3e-02  1.1e-05   7.7e+04  2.1e+04
   298  0.00000e+00   1.632e+03  1.632e+03    5.3e-02  4.5e-05   7.7e+04  2.1e+04
   299  0.00000e+00   1.632e+03  1.632e+03    5.3e-02  2.3e-05   7.8e+04  2.1e+04
   300  0.00000e+00   1.632e+03  1.632e+03    5.3e-02  1.4e-05   7.8e+04  2.1e+04
 
LSQR finished
The iteration limit has been reached                      
 
istop =       7   r1norm = 1.6e+03   anorm = 7.8e+04   arnorm = 1.7e+03
itn   =     300   r2norm = 1.6e+03   acond = 2.1e+04   xnorm  = 3.6e+01
 
Calibration saved to /home/thomasli/spherex/selfcal/outputs/nep_det3_6p2arcsec/calibration/cal_det3_ch3.h5
Processing channels 4
Loading reference frame from: /home/thomasli/spherex/selfcal/outputs/nep_det3_6p2arcsec/ref.fits
Solving least squares for 89679979 unknowns with 288008945 equations.
 
LSQR            Least-squares solution of  Ax = b
The matrix A has 288008945 rows and 89679979 columns
damp = 1.00000000000000e-02   calc_var =        0
atol = 1.00e-06                 conlim = 1.00e+08
btol = 1.00e-06               iter_lim =      300
 
   Itn      x[0]       r1norm     r2norm   Compatible    LS      Norm A   Cond A
     0  0.00000e+00   3.123e+04  3.123e+04    1.0e+00  1.7e-01
     1  0.00000e+00   3.257e+03  3.257e+03    1.0e-01  7.6e-01   5.4e+03  1.0e+00
     2  0.00000e+00   2.040e+03  2.040e+03    6.5e-02  1.5e-01   7.5e+03  2.0e+00
     3  0.00000e+00   1.980e+03  1.980e+03    6.3e-02  5.6e-02   8.9e+03  3.1e+00
     4  0.00000e+00   1.966e+03  1.966e+03    6.3e-02  2.8e-02   1.0e+04  4.3e+00
     5  0.00000e+00   1.962e+03  1.962e+03    6.3e-02  1.1e-02   1.1e+04  5.7e+00
     6  0.00000e+00   1.961e+03  1.961e+03    6.3e-02  3.7e-03   1.2e+04  6.9e+00
     7  0.00000e+00   1.961e+03  1.961e+03    6.3e-02  2.4e-03   1.3e+04  8.1e+00
     8  0.00000e+00   1.961e+03  1.961e+03    6.3e-02  4.7e-03   1.3e+04  1.1e+01
     9  0.00000e+00   1.959e+03  1.959e+03    6.3e-02  1.6e-02   1.4e+04  3.2e+01
    10  0.00000e+00   1.930e+03  1.930e+03    6.2e-02  4.8e-02   1.5e+04  1.2e+02
   185  0.00000e+00   1.690e+03  1.690e+03    5.4e-02  7.2e-06   6.2e+04  1.1e+04
   191  0.00000e+00   1.690e+03  1.690e+03    5.4e-02  5.3e-06   6.4e+04  1.1e+04
   197  0.00000e+00   1.690e+03  1.690e+03    5.4e-02  6.2e-06   6.5e+04  1.2e+04
   198  0.00000e+00   1.690e+03  1.690e+03    5.4e-02  6.0e-06   6.5e+04  1.2e+04
   203  0.00000e+00   1.690e+03  1.690e+03    5.4e-02  6.4e-06   6.6e+04  1.3e+04
   204  0.00000e+00   1.690e+03  1.690e+03    5.4e-02  5.5e-06   6.6e+04  1.3e+04
   209  0.00000e+00   1.690e+03  1.690e+03    5.4e-02  7.4e-06   6.7e+04  1.3e+04
   212  0.00000e+00   1.690e+03  1.690e+03    5.4e-02  7.4e-06   6.7e+04  1.3e+04
   213  0.00000e+00   1.690e+03  1.690e+03    5.4e-02  5.8e-06   6.7e+04  1.4e+04
   219  0.00000e+00   1.690e+03  1.690e+03    5.4e-02  5.1e-06   6.8e+04  1.4e+04
   220  0.00000e+00   1.690e+03  1.690e+03    5.4e-02  5.2e-06   6.8e+04  1.4e+04
   229  0.00000e+00   1.690e+03  1.690e+03    5.4e-02  3.9e-06   7.0e+04  1.5e+04
   230  0.00000e+00   1.690e+03  1.690e+03    5.4e-02  5.8e-06   7.0e+04  1.5e+04
   238  0.00000e+00   1.690e+03  1.690e+03    5.4e-02  7.4e-06   7.1e+04  1.6e+04
   239  0.00000e+00   1.690e+03  1.690e+03    5.4e-02  3.5e-06   7.1e+04  1.6e+04
   240  0.00000e+00   1.690e+03  1.690e+03    5.4e-02  8.6e-06   7.1e+04  1.6e+04
   247  0.00000e+00   1.689e+03  1.689e+03    5.4e-02  7.8e-06   7.2e+04  1.7e+04
   250  0.00000e+00   1.689e+03  1.689e+03    5.4e-02  4.7e-06   7.3e+04  1.7e+04
   251  0.00000e+00   1.689e+03  1.689e+03    5.4e-02  3.7e-06   7.3e+04  1.7e+04
   258  0.00000e+00   1.689e+03  1.689e+03    5.4e-02  3.2e-06   7.4e+04  1.8e+04
   259  0.00000e+00   1.689e+03  1.689e+03    5.4e-02  3.9e-06   7.4e+04  1.8e+04
   263  0.00000e+00   1.689e+03  1.689e+03    5.4e-02  9.1e-06   7.5e+04  1.9e+04
   264  0.00000e+00   1.689e+03  1.689e+03    5.4e-02  3.0e-06   7.5e+04  1.9e+04
   265  0.00000e+00   1.689e+03  1.689e+03    5.4e-02  3.7e-06   7.5e+04  1.9e+04
   269  0.00000e+00   1.689e+03  1.689e+03    5.4e-02  7.7e-06   7.6e+04  1.9e+04
   270  0.00000e+00   1.689e+03  1.689e+03    5.4e-02  2.3e-06   7.6e+04  1.9e+04
   271  0.00000e+00   1.689e+03  1.689e+03    5.4e-02  6.8e-06   7.6e+04  1.9e+04
   275  0.00000e+00   1.689e+03  1.689e+03    5.4e-02  9.4e-06   7.6e+04  2.0e+04
   278  0.00000e+00   1.689e+03  1.689e+03    5.4e-02  6.5e-06   7.7e+04  2.0e+04
   279  0.00000e+00   1.689e+03  1.689e+03    5.4e-02  2.3e-06   7.7e+04  2.0e+04
   280  0.00000e+00   1.689e+03  1.689e+03    5.4e-02  6.6e-06   7.7e+04  2.0e+04
   285  0.00000e+00   1.689e+03  1.689e+03    5.4e-02  3.0e-06   7.8e+04  2.1e+04
   286  0.00000e+00   1.689e+03  1.689e+03    5.4e-02  3.1e-06   7.8e+04  2.1e+04
   289  0.00000e+00   1.689e+03  1.689e+03    5.4e-02  7.5e-06   7.8e+04  2.1e+04
   290  0.00000e+00   1.689e+03  1.689e+03    5.4e-02  8.3e-06   7.8e+04  2.1e+04
   291  0.00000e+00   1.689e+03  1.689e+03    5.4e-02  8.0e-06   7.8e+04  2.1e+04
   292  0.00000e+00   1.689e+03  1.689e+03    5.4e-02  2.5e-05   7.9e+04  2.2e+04
   293  0.00000e+00   1.689e+03  1.689e+03    5.4e-02  1.0e-04   7.9e+04  2.2e+04
   294  0.00000e+00   1.689e+03  1.689e+03    5.4e-02  3.6e-05   7.9e+04  2.2e+04
   295  0.00000e+00   1.689e+03  1.689e+03    5.4e-02  5.3e-06   7.9e+04  2.2e+04
   296  0.00000e+00   1.689e+03  1.689e+03    5.4e-02  2.0e-06   7.9e+04  2.2e+04
   297  0.00000e+00   1.689e+03  1.689e+03    5.4e-02  5.7e-06   7.9e+04  2.2e+04
   298  0.00000e+00   1.689e+03  1.689e+03    5.4e-02  4.8e-05   7.9e+04  2.2e+04
   299  0.00000e+00   1.689e+03  1.689e+03    5.4e-02  8.0e-05   8.0e+04  2.3e+04
   300  0.00000e+00   1.689e+03  1.689e+03    5.4e-02  2.1e-05   8.0e+04  2.3e+04
 
LSQR finished
The iteration limit has been reached                      
 
istop =       7   r1norm = 1.7e+03   anorm = 8.0e+04   arnorm = 2.9e+03
itn   =     300   r2norm = 1.7e+03   acond = 2.3e+04   xnorm  = 3.8e+01
 
Calibration saved to /home/thomasli/spherex/selfcal/outputs/nep_det3_6p2arcsec/calibration/cal_det3_ch4.h5
Processing channels 5
Loading reference frame from: /home/thomasli/spherex/selfcal/outputs/nep_det3_6p2arcsec/ref.fits
Solving least squares for 89679979 unknowns with 294351255 equations.
 
LSQR            Least-squares solution of  Ax = b
The matrix A has 294351255 rows and 89679979 columns
damp = 1.00000000000000e-02   calc_var =        0
atol = 1.00e-06                 conlim = 1.00e+08
btol = 1.00e-06               iter_lim =      300
 
   Itn      x[0]       r1norm     r2norm   Compatible    LS      Norm A   Cond A
     0  0.00000e+00   3.153e+04  3.153e+04    1.0e+00  1.7e-01
     1  0.00000e+00   3.333e+03  3.333e+03    1.1e-01  7.4e-01   5.5e+03  1.0e+00
     2  0.00000e+00   2.126e+03  2.126e+03    6.7e-02  1.4e-01   7.7e+03  2.0e+00
     3  0.00000e+00   2.066e+03  2.066e+03    6.6e-02  4.9e-02   9.0e+03  3.1e+00
     4  0.00000e+00   2.053e+03  2.053e+03    6.5e-02  2.2e-02   1.0e+04  4.4e+00
     5  0.00000e+00   2.050e+03  2.050e+03    6.5e-02  8.1e-03   1.1e+04  5.6e+00
     6  0.00000e+00   2.050e+03  2.050e+03    6.5e-02  3.2e-03   1.2e+04  6.8e+00
     7  0.00000e+00   2.050e+03  2.050e+03    6.5e-02  2.8e-03   1.3e+04  8.2e+00
     8  0.00000e+00   2.049e+03  2.049e+03    6.5e-02  6.9e-03   1.3e+04  1.4e+01
     9  0.00000e+00   2.044e+03  2.044e+03    6.5e-02  2.4e-02   1.4e+04  4.5e+01
    10  0.00000e+00   1.978e+03  1.978e+03    6.3e-02  6.9e-02   1.5e+04  1.7e+02
   174  0.00000e+00   1.744e+03  1.744e+03    5.5e-02  8.7e-06   6.2e+04  1.1e+04
   180  0.00000e+00   1.744e+03  1.744e+03    5.5e-02  8.0e-06   6.3e+04  1.1e+04
   191  0.00000e+00   1.744e+03  1.744e+03    5.5e-02  7.3e-06   6.5e+04  1.2e+04
   200  0.00000e+00   1.744e+03  1.744e+03    5.5e-02  9.1e-06   6.6e+04  1.3e+04
   201  0.00000e+00   1.744e+03  1.744e+03    5.5e-02  8.4e-06   6.6e+04  1.3e+04
   206  0.00000e+00   1.744e+03  1.744e+03    5.5e-02  7.0e-06   6.7e+04  1.4e+04
   207  0.00000e+00   1.744e+03  1.744e+03    5.5e-02  9.5e-06   6.7e+04  1.4e+04
   215  0.00000e+00   1.744e+03  1.744e+03    5.5e-02  9.1e-06   6.9e+04  1.5e+04
   216  0.00000e+00   1.744e+03  1.744e+03    5.5e-02  9.2e-06   6.9e+04  1.5e+04
   223  0.00000e+00   1.743e+03  1.743e+03    5.5e-02  6.6e-06   7.0e+04  1.6e+04
   224  0.00000e+00   1.743e+03  1.743e+03    5.5e-02  7.9e-06   7.0e+04  1.6e+04
   232  0.00000e+00   1.743e+03  1.743e+03    5.5e-02  5.3e-06   7.1e+04  1.8e+04
   241  0.00000e+00   1.743e+03  1.743e+03    5.5e-02  8.5e-06   7.3e+04  1.9e+04
   242  0.00000e+00   1.743e+03  1.743e+03    5.5e-02  5.4e-06   7.3e+04  1.9e+04
   247  0.00000e+00   1.743e+03  1.743e+03    5.5e-02  5.0e-06   7.4e+04  2.0e+04
   254  0.00000e+00   1.743e+03  1.743e+03    5.5e-02  5.6e-06   7.5e+04  2.1e+04
   255  0.00000e+00   1.743e+03  1.743e+03    5.5e-02  6.0e-06   7.5e+04  2.1e+04
   260  0.00000e+00   1.743e+03  1.743e+03    5.5e-02  6.3e-06   7.5e+04  2.2e+04
   264  0.00000e+00   1.743e+03  1.743e+03    5.5e-02  7.0e-06   7.6e+04  2.2e+04
   270  0.00000e+00   1.743e+03  1.743e+03    5.5e-02  6.6e-06   7.7e+04  2.3e+04
   271  0.00000e+00   1.743e+03  1.743e+03    5.5e-02  4.6e-06   7.7e+04  2.3e+04
   279  0.00000e+00   1.743e+03  1.743e+03    5.5e-02  5.0e-06   7.8e+04  2.4e+04
   280  0.00000e+00   1.743e+03  1.743e+03    5.5e-02  4.7e-06   7.8e+04  2.4e+04
   287  0.00000e+00   1.743e+03  1.743e+03    5.5e-02  5.1e-06   7.9e+04  2.5e+04
   288  0.00000e+00   1.743e+03  1.743e+03    5.5e-02  4.5e-06   7.9e+04  2.5e+04
   290  0.00000e+00   1.743e+03  1.743e+03    5.5e-02  7.8e-05   8.0e+04  2.5e+04
   291  0.00000e+00   1.743e+03  1.743e+03    5.5e-02  6.7e-05   8.0e+04  2.6e+04
   292  0.00000e+00   1.743e+03  1.743e+03    5.5e-02  2.4e-05   8.0e+04  2.6e+04
   293  0.00000e+00   1.743e+03  1.743e+03    5.5e-02  7.2e-05   8.0e+04  2.6e+04
   294  0.00000e+00   1.743e+03  1.743e+03    5.5e-02  1.1e-04   8.0e+04  2.6e+04
   295  0.00000e+00   1.743e+03  1.743e+03    5.5e-02  1.8e-05   8.0e+04  2.6e+04
   296  0.00000e+00   1.743e+03  1.743e+03    5.5e-02  4.2e-06   8.0e+04  2.6e+04
   297  0.00000e+00   1.743e+03  1.743e+03    5.5e-02  5.5e-06   8.1e+04  2.6e+04
   298  0.00000e+00   1.743e+03  1.743e+03    5.5e-02  3.1e-05   8.1e+04  2.6e+04
   299  0.00000e+00   1.743e+03  1.743e+03    5.5e-02  1.7e-05   8.1e+04  2.7e+04
   300  0.00000e+00   1.743e+03  1.743e+03    5.5e-02  8.8e-06   8.1e+04  2.7e+04
 
LSQR finished
The iteration limit has been reached                      
 
istop =       7   r1norm = 1.7e+03   anorm = 8.1e+04   arnorm = 1.2e+03
itn   =     300   r2norm = 1.7e+03   acond = 2.7e+04   xnorm  = 4.3e+01
 
Calibration saved to /home/thomasli/spherex/selfcal/outputs/nep_det3_6p2arcsec/calibration/cal_det3_ch5.h5
Processing channels 6
Loading reference frame from: /home/thomasli/spherex/selfcal/outputs/nep_det3_6p2arcsec/ref.fits
Solving least squares for 89679979 unknowns with 299112785 equations.
 
LSQR            Least-squares solution of  Ax = b
The matrix A has 299112785 rows and 89679979 columns
damp = 1.00000000000000e-02   calc_var =        0
atol = 1.00e-06                 conlim = 1.00e+08
btol = 1.00e-06               iter_lim =      300
 
   Itn      x[0]       r1norm     r2norm   Compatible    LS      Norm A   Cond A
     0  0.00000e+00   3.180e+04  3.180e+04    1.0e+00  1.8e-01
     1  0.00000e+00   3.429e+03  3.429e+03    1.1e-01  7.4e-01   5.6e+03  1.0e+00
     2  0.00000e+00   2.190e+03  2.190e+03    6.9e-02  1.4e-01   7.8e+03  2.0e+00
     3  0.00000e+00   2.129e+03  2.129e+03    6.7e-02  4.7e-02   9.2e+03  3.1e+00
     4  0.00000e+00   2.117e+03  2.117e+03    6.7e-02  2.0e-02   1.0e+04  4.3e+00
     5  0.00000e+00   2.114e+03  2.114e+03    6.6e-02  7.4e-03   1.1e+04  5.6e+00
     6  0.00000e+00   2.114e+03  2.114e+03    6.6e-02  3.0e-03   1.2e+04  6.8e+00
     7  0.00000e+00   2.114e+03  2.114e+03    6.6e-02  3.2e-03   1.3e+04  8.3e+00
     8  0.00000e+00   2.113e+03  2.113e+03    6.6e-02  9.2e-03   1.4e+04  1.6e+01
     9  0.00000e+00   2.103e+03  2.103e+03    6.6e-02  3.3e-02   1.4e+04  5.8e+01
    10  0.00000e+00   2.005e+03  2.005e+03    6.3e-02  7.7e-02   1.5e+04  1.9e+02
   143  0.00000e+00   1.773e+03  1.773e+03    5.6e-02  9.9e-06   5.7e+04  7.7e+03
   148  0.00000e+00   1.773e+03  1.773e+03    5.6e-02  8.4e-06   5.8e+04  8.2e+03
   156  0.00000e+00   1.773e+03  1.773e+03    5.6e-02  7.2e-06   6.0e+04  8.9e+03
   165  0.00000e+00   1.773e+03  1.773e+03    5.6e-02  9.0e-06   6.1e+04  9.5e+03
   166  0.00000e+00   1.773e+03  1.773e+03    5.6e-02  9.3e-06   6.1e+04  9.6e+03
   171  0.00000e+00   1.773e+03  1.773e+03    5.6e-02  8.9e-06   6.2e+04  1.0e+04
   175  0.00000e+00   1.773e+03  1.773e+03    5.6e-02  8.8e-06   6.3e+04  1.0e+04
   185  0.00000e+00   1.773e+03  1.773e+03    5.6e-02  5.5e-06   6.5e+04  1.1e+04
   195  0.00000e+00   1.773e+03  1.773e+03    5.6e-02  5.3e-06   6.6e+04  1.2e+04
   196  0.00000e+00   1.773e+03  1.773e+03    5.6e-02  8.5e-06   6.6e+04  1.2e+04
   204  0.00000e+00   1.773e+03  1.773e+03    5.6e-02  6.0e-06   6.8e+04  1.3e+04
   205  0.00000e+00   1.773e+03  1.773e+03    5.6e-02  5.8e-06   6.8e+04  1.3e+04
   210  0.00000e+00   1.773e+03  1.773e+03    5.6e-02  4.0e-06   6.9e+04  1.3e+04
   211  0.00000e+00   1.773e+03  1.773e+03    5.6e-02  7.1e-06   6.9e+04  1.3e+04
   216  0.00000e+00   1.773e+03  1.773e+03    5.6e-02  4.6e-06   7.0e+04  1.4e+04
   217  0.00000e+00   1.773e+03  1.773e+03    5.6e-02  5.0e-06   7.0e+04  1.4e+04
   223  0.00000e+00   1.773e+03  1.773e+03    5.6e-02  6.8e-06   7.1e+04  1.5e+04
   224  0.00000e+00   1.773e+03  1.773e+03    5.6e-02  3.6e-06   7.1e+04  1.5e+04
   229  0.00000e+00   1.773e+03  1.773e+03    5.6e-02  3.9e-06   7.2e+04  1.6e+04
   230  0.00000e+00   1.773e+03  1.773e+03    5.6e-02  4.3e-06   7.2e+04  1.6e+04
   238  0.00000e+00   1.773e+03  1.773e+03    5.6e-02  6.0e-06   7.4e+04  1.7e+04
   239  0.00000e+00   1.773e+03  1.773e+03    5.6e-02  3.3e-06   7.4e+04  1.7e+04
   240  0.00000e+00   1.773e+03  1.773e+03    5.6e-02  6.1e-06   7.4e+04  1.7e+04
   244  0.00000e+00   1.772e+03  1.772e+03    5.6e-02  5.2e-06   7.4e+04  1.8e+04
   245  0.00000e+00   1.772e+03  1.772e+03    5.6e-02  3.6e-06   7.5e+04  1.8e+04
   248  0.00000e+00   1.772e+03  1.772e+03    5.6e-02  5.2e-06   7.5e+04  1.8e+04
   249  0.00000e+00   1.772e+03  1.772e+03    5.6e-02  9.4e-06   7.5e+04  1.8e+04
   253  0.00000e+00   1.772e+03  1.772e+03    5.6e-02  8.1e-06   7.6e+04  1.8e+04
   258  0.00000e+00   1.772e+03  1.772e+03    5.6e-02  3.1e-06   7.6e+04  1.9e+04
   259  0.00000e+00   1.772e+03  1.772e+03    5.6e-02  4.0e-06   7.6e+04  1.9e+04
   263  0.00000e+00   1.772e+03  1.772e+03    5.6e-02  6.4e-06   7.7e+04  1.9e+04
   264  0.00000e+00   1.772e+03  1.772e+03    5.6e-02  2.8e-06   7.7e+04  2.0e+04
   265  0.00000e+00   1.772e+03  1.772e+03    5.6e-02  5.6e-06   7.7e+04  2.0e+04
   268  0.00000e+00   1.772e+03  1.772e+03    5.6e-02  7.0e-06   7.8e+04  2.0e+04
   269  0.00000e+00   1.772e+03  1.772e+03    5.6e-02  9.3e-06   7.8e+04  2.0e+04
   273  0.00000e+00   1.772e+03  1.772e+03    5.6e-02  3.2e-06   7.9e+04  2.1e+04
   274  0.00000e+00   1.772e+03  1.772e+03    5.6e-02  2.9e-06   7.9e+04  2.1e+04
   277  0.00000e+00   1.772e+03  1.772e+03    5.6e-02  6.3e-06   7.9e+04  2.1e+04
   282  0.00000e+00   1.772e+03  1.772e+03    5.6e-02  5.7e-06   8.0e+04  2.2e+04
   283  0.00000e+00   1.772e+03  1.772e+03    5.6e-02  2.1e-06   8.0e+04  2.2e+04
   284  0.00000e+00   1.772e+03  1.772e+03    5.6e-02  5.5e-06   8.0e+04  2.2e+04
   289  0.00000e+00   1.772e+03  1.772e+03    5.6e-02  4.6e-06   8.1e+04  2.2e+04
   290  0.00000e+00   1.772e+03  1.772e+03    5.6e-02  3.1e-06   8.1e+04  2.3e+04
   291  0.00000e+00   1.772e+03  1.772e+03    5.6e-02  2.5e-06   8.1e+04  2.3e+04
   292  0.00000e+00   1.772e+03  1.772e+03    5.6e-02  1.3e-05   8.1e+04  2.3e+04
   293  0.00000e+00   1.772e+03  1.772e+03    5.6e-02  8.7e-05   8.1e+04  2.3e+04
   294  0.00000e+00   1.772e+03  1.772e+03    5.6e-02  5.5e-05   8.2e+04  2.3e+04
   295  0.00000e+00   1.772e+03  1.772e+03    5.6e-02  8.1e-06   8.2e+04  2.3e+04
   296  0.00000e+00   1.772e+03  1.772e+03    5.6e-02  1.9e-06   8.2e+04  2.3e+04
   297  0.00000e+00   1.772e+03  1.772e+03    5.6e-02  3.7e-06   8.2e+04  2.3e+04
   298  0.00000e+00   1.772e+03  1.772e+03    5.6e-02  3.2e-05   8.2e+04  2.4e+04
   299  0.00000e+00   1.772e+03  1.772e+03    5.6e-02  9.3e-05   8.2e+04  2.4e+04
   300  0.00000e+00   1.772e+03  1.772e+03    5.6e-02  1.9e-05   8.2e+04  2.4e+04
 
LSQR finished
The iteration limit has been reached                      
 
istop =       7   r1norm = 1.8e+03   anorm = 8.2e+04   arnorm = 2.8e+03
itn   =     300   r2norm = 1.8e+03   acond = 2.4e+04   xnorm  = 4.2e+01
 
Calibration saved to /home/thomasli/spherex/selfcal/outputs/nep_det3_6p2arcsec/calibration/cal_det3_ch6.h5
Processing channels 7
Loading reference frame from: /home/thomasli/spherex/selfcal/outputs/nep_det3_6p2arcsec/ref.fits
Solving least squares for 89679979 unknowns with 300431675 equations.
 
LSQR            Least-squares solution of  Ax = b
The matrix A has 300431675 rows and 89679979 columns
damp = 1.00000000000000e-02   calc_var =        0
atol = 1.00e-06                 conlim = 1.00e+08
btol = 1.00e-06               iter_lim =      300
 
   Itn      x[0]       r1norm     r2norm   Compatible    LS      Norm A   Cond A
     0  0.00000e+00   3.187e+04  3.187e+04    1.0e+00  1.8e-01
     1  0.00000e+00   3.496e+03  3.496e+03    1.1e-01  7.4e-01   5.7e+03  1.0e+00
     2  0.00000e+00   2.235e+03  2.235e+03    7.0e-02  1.4e-01   7.9e+03  2.0e+00
     3  0.00000e+00   2.172e+03  2.172e+03    6.8e-02  4.8e-02   9.3e+03  3.1e+00
     4  0.00000e+00   2.161e+03  2.161e+03    6.8e-02  2.2e-02   1.0e+04  4.3e+00
     5  0.00000e+00   2.158e+03  2.158e+03    6.8e-02  9.0e-03   1.2e+04  5.6e+00
     6  0.00000e+00   2.157e+03  2.157e+03    6.8e-02  3.3e-03   1.3e+04  6.8e+00
     7  0.00000e+00   2.157e+03  2.157e+03    6.8e-02  2.8e-03   1.3e+04  8.2e+00
     8  0.00000e+00   2.157e+03  2.157e+03    6.8e-02  8.3e-03   1.4e+04  1.5e+01
     9  0.00000e+00   2.148e+03  2.148e+03    6.7e-02  3.0e-02   1.5e+04  5.4e+01
    10  0.00000e+00   2.055e+03  2.055e+03    6.4e-02  7.6e-02   1.6e+04  1.8e+02
   144  0.00000e+00   1.787e+03  1.787e+03    5.6e-02  9.9e-06   5.8e+04  7.7e+03
   157  0.00000e+00   1.787e+03  1.787e+03    5.6e-02  8.4e-06   6.1e+04  8.8e+03
   166  0.00000e+00   1.787e+03  1.787e+03    5.6e-02  7.1e-06   6.2e+04  9.5e+03
   171  0.00000e+00   1.787e+03  1.787e+03    5.6e-02  8.9e-06   6.3e+04  1.0e+04
   172  0.00000e+00   1.787e+03  1.787e+03    5.6e-02  8.4e-06   6.3e+04  1.0e+04
   182  0.00000e+00   1.787e+03  1.787e+03    5.6e-02  6.5e-06   6.5e+04  1.1e+04
   193  0.00000e+00   1.787e+03  1.787e+03    5.6e-02  5.7e-06   6.7e+04  1.2e+04
   194  0.00000e+00   1.787e+03  1.787e+03    5.6e-02  8.8e-06   6.7e+04  1.2e+04
   200  0.00000e+00   1.787e+03  1.787e+03    5.6e-02  7.3e-06   6.8e+04  1.2e+04
   203  0.00000e+00   1.787e+03  1.787e+03    5.6e-02  6.6e-06   6.9e+04  1.3e+04
   208  0.00000e+00   1.787e+03  1.787e+03    5.6e-02  7.0e-06   7.0e+04  1.3e+04
   209  0.00000e+00   1.787e+03  1.787e+03    5.6e-02  4.6e-06   7.0e+04  1.3e+04
   218  0.00000e+00   1.786e+03  1.786e+03    5.6e-02  4.7e-06   7.1e+04  1.4e+04
   219  0.00000e+00   1.786e+03  1.786e+03    5.6e-02  5.9e-06   7.2e+04  1.4e+04
   224  0.00000e+00   1.786e+03  1.786e+03    5.6e-02  4.1e-06   7.2e+04  1.5e+04
   225  0.00000e+00   1.786e+03  1.786e+03    5.6e-02  7.3e-06   7.3e+04  1.5e+04
   226  0.00000e+00   1.786e+03  1.786e+03    5.6e-02  9.7e-06   7.3e+04  1.5e+04
   230  0.00000e+00   1.786e+03  1.786e+03    5.6e-02  6.3e-06   7.3e+04  1.6e+04
   231  0.00000e+00   1.786e+03  1.786e+03    5.6e-02  4.1e-06   7.4e+04  1.6e+04
   232  0.00000e+00   1.786e+03  1.786e+03    5.6e-02  6.5e-06   7.4e+04  1.6e+04
   240  0.00000e+00   1.786e+03  1.786e+03    5.6e-02  7.5e-06   7.5e+04  1.7e+04
   241  0.00000e+00   1.786e+03  1.786e+03    5.6e-02  3.3e-06   7.5e+04  1.7e+04
   246  0.00000e+00   1.786e+03  1.786e+03    5.6e-02  7.1e-06   7.6e+04  1.8e+04
   247  0.00000e+00   1.786e+03  1.786e+03    5.6e-02  4.0e-06   7.6e+04  1.8e+04
   248  0.00000e+00   1.786e+03  1.786e+03    5.6e-02  7.4e-06   7.6e+04  1.8e+04
   250  0.00000e+00   1.786e+03  1.786e+03    5.6e-02  6.7e-06   7.6e+04  1.8e+04
   251  0.00000e+00   1.786e+03  1.786e+03    5.6e-02  6.5e-06   7.7e+04  1.8e+04
   255  0.00000e+00   1.786e+03  1.786e+03    5.6e-02  6.0e-06   7.7e+04  1.8e+04
   256  0.00000e+00   1.786e+03  1.786e+03    5.6e-02  3.2e-06   7.7e+04  1.9e+04
   257  0.00000e+00   1.786e+03  1.786e+03    5.6e-02  4.9e-06   7.7e+04  1.9e+04
   266  0.00000e+00   1.786e+03  1.786e+03    5.6e-02  6.7e-06   7.9e+04  2.0e+04
   267  0.00000e+00   1.786e+03  1.786e+03    5.6e-02  2.7e-06   7.9e+04  2.0e+04
   268  0.00000e+00   1.786e+03  1.786e+03    5.6e-02  6.5e-06   7.9e+04  2.0e+04
   272  0.00000e+00   1.786e+03  1.786e+03    5.6e-02  3.7e-06   8.0e+04  2.0e+04
   273  0.00000e+00   1.786e+03  1.786e+03    5.6e-02  2.9e-06   8.0e+04  2.0e+04
   274  0.00000e+00   1.786e+03  1.786e+03    5.6e-02  8.4e-06   8.0e+04  2.0e+04
   278  0.00000e+00   1.786e+03  1.786e+03    5.6e-02  5.5e-06   8.1e+04  2.1e+04
   279  0.00000e+00   1.786e+03  1.786e+03    5.6e-02  2.9e-06   8.1e+04  2.1e+04
   282  0.00000e+00   1.786e+03  1.786e+03    5.6e-02  5.9e-06   8.1e+04  2.1e+04
   283  0.00000e+00   1.786e+03  1.786e+03    5.6e-02  4.9e-06   8.1e+04  2.1e+04
   288  0.00000e+00   1.786e+03  1.786e+03    5.6e-02  2.3e-06   8.2e+04  2.2e+04
   289  0.00000e+00   1.786e+03  1.786e+03    5.6e-02  3.8e-06   8.2e+04  2.2e+04
   290  0.00000e+00   1.786e+03  1.786e+03    5.6e-02  3.0e-05   8.2e+04  2.2e+04
   291  0.00000e+00   1.786e+03  1.786e+03    5.6e-02  8.9e-05   8.2e+04  2.3e+04
   292  0.00000e+00   1.786e+03  1.786e+03    5.6e-02  2.1e-05   8.3e+04  2.3e+04
   293  0.00000e+00   1.786e+03  1.786e+03    5.6e-02  1.8e-05   8.3e+04  2.3e+04
   294  0.00000e+00   1.786e+03  1.786e+03    5.6e-02  2.3e-05   8.3e+04  2.3e+04
   295  0.00000e+00   1.786e+03  1.786e+03    5.6e-02  3.6e-05   8.3e+04  2.3e+04
   296  0.00000e+00   1.786e+03  1.786e+03    5.6e-02  4.7e-05   8.3e+04  2.3e+04
   297  0.00000e+00   1.786e+03  1.786e+03    5.6e-02  3.2e-05   8.3e+04  2.3e+04
   298  0.00000e+00   1.786e+03  1.786e+03    5.6e-02  4.7e-06   8.3e+04  2.3e+04
   299  0.00000e+00   1.786e+03  1.786e+03    5.6e-02  2.1e-06   8.4e+04  2.3e+04
   300  0.00000e+00   1.786e+03  1.786e+03    5.6e-02  7.3e-06   8.4e+04  2.3e+04
 
LSQR finished
The iteration limit has been reached                      
 
istop =       7   r1norm = 1.8e+03   anorm = 8.4e+04   arnorm = 1.1e+03
itn   =     300   r2norm = 1.8e+03   acond = 2.3e+04   xnorm  = 4.3e+01
 
Calibration saved to /home/thomasli/spherex/selfcal/outputs/nep_det3_6p2arcsec/calibration/cal_det3_ch7.h5
Processing channels 8
Loading reference frame from: /home/thomasli/spherex/selfcal/outputs/nep_det3_6p2arcsec/ref.fits
Solving least squares for 89679979 unknowns with 301395209 equations.
 
LSQR            Least-squares solution of  Ax = b
The matrix A has 301395209 rows and 89679979 columns
damp = 1.00000000000000e-02   calc_var =        0
atol = 1.00e-06                 conlim = 1.00e+08
btol = 1.00e-06               iter_lim =      300
 
   Itn      x[0]       r1norm     r2norm   Compatible    LS      Norm A   Cond A
     0  0.00000e+00   3.196e+04  3.196e+04    1.0e+00  1.8e-01
     1  0.00000e+00   3.582e+03  3.582e+03    1.1e-01  7.3e-01   5.8e+03  1.0e+00
     2  0.00000e+00   2.299e+03  2.299e+03    7.2e-02  1.5e-01   8.1e+03  2.0e+00
     3  0.00000e+00   2.231e+03  2.231e+03    7.0e-02  5.1e-02   9.5e+03  3.1e+00
     4  0.00000e+00   2.219e+03  2.219e+03    6.9e-02  2.3e-02   1.1e+04  4.3e+00
     5  0.00000e+00   2.216e+03  2.216e+03    6.9e-02  9.5e-03   1.2e+04  5.6e+00
     6  0.00000e+00   2.215e+03  2.215e+03    6.9e-02  3.7e-03   1.3e+04  6.8e+00
     7  0.00000e+00   2.215e+03  2.215e+03    6.9e-02  2.8e-03   1.4e+04  8.2e+00
     8  0.00000e+00   2.215e+03  2.215e+03    6.9e-02  6.5e-03   1.4e+04  1.3e+01
     9  0.00000e+00   2.210e+03  2.210e+03    6.9e-02  2.2e-02   1.5e+04  3.9e+01
    10  0.00000e+00   2.147e+03  2.147e+03    6.7e-02  6.8e-02   1.6e+04  1.4e+02
   153  0.00000e+00   1.794e+03  1.794e+03    5.6e-02  9.1e-06   6.1e+04  8.5e+03
   174  0.00000e+00   1.794e+03  1.794e+03    5.6e-02  8.5e-06   6.5e+04  9.9e+03
   183  0.00000e+00   1.794e+03  1.794e+03    5.6e-02  7.1e-06   6.7e+04  1.1e+04
   193  0.00000e+00   1.794e+03  1.794e+03    5.6e-02  8.9e-06   6.8e+04  1.1e+04
   197  0.00000e+00   1.794e+03  1.794e+03    5.6e-02  9.7e-06   6.9e+04  1.2e+04
   203  0.00000e+00   1.794e+03  1.794e+03    5.6e-02  8.5e-06   7.0e+04  1.2e+04
   204  0.00000e+00   1.794e+03  1.794e+03    5.6e-02  6.4e-06   7.0e+04  1.2e+04
   209  0.00000e+00   1.793e+03  1.793e+03    5.6e-02  5.6e-06   7.1e+04  1.3e+04
   210  0.00000e+00   1.793e+03  1.793e+03    5.6e-02  7.4e-06   7.1e+04  1.3e+04
   215  0.00000e+00   1.793e+03  1.793e+03    5.6e-02  4.8e-06   7.2e+04  1.4e+04
   216  0.00000e+00   1.793e+03  1.793e+03    5.6e-02  8.7e-06   7.2e+04  1.4e+04
   221  0.00000e+00   1.793e+03  1.793e+03    5.6e-02  5.6e-06   7.3e+04  1.5e+04
   222  0.00000e+00   1.793e+03  1.793e+03    5.6e-02  5.6e-06   7.3e+04  1.5e+04
   228  0.00000e+00   1.793e+03  1.793e+03    5.6e-02  5.1e-06   7.4e+04  1.6e+04
   229  0.00000e+00   1.793e+03  1.793e+03    5.6e-02  5.6e-06   7.5e+04  1.6e+04
   238  0.00000e+00   1.793e+03  1.793e+03    5.6e-02  5.6e-06   7.6e+04  1.7e+04
   239  0.00000e+00   1.793e+03  1.793e+03    5.6e-02  6.0e-06   7.6e+04  1.7e+04
   242  0.00000e+00   1.793e+03  1.793e+03    5.6e-02  9.4e-06   7.7e+04  1.7e+04
   248  0.00000e+00   1.793e+03  1.793e+03    5.6e-02  4.7e-06   7.7e+04  1.8e+04
   249  0.00000e+00   1.793e+03  1.793e+03    5.6e-02  7.1e-06   7.8e+04  1.8e+04
   252  0.00000e+00   1.793e+03  1.793e+03    5.6e-02  6.8e-06   7.8e+04  1.8e+04
   257  0.00000e+00   1.793e+03  1.793e+03    5.6e-02  6.6e-06   7.9e+04  1.9e+04
   258  0.00000e+00   1.793e+03  1.793e+03    5.6e-02  3.5e-06   7.9e+04  1.9e+04
   266  0.00000e+00   1.793e+03  1.793e+03    5.6e-02  9.8e-06   8.0e+04  2.0e+04
   267  0.00000e+00   1.793e+03  1.793e+03    5.6e-02  3.2e-06   8.0e+04  2.0e+04
   268  0.00000e+00   1.793e+03  1.793e+03    5.6e-02  7.4e-06   8.1e+04  2.0e+04
   276  0.00000e+00   1.793e+03  1.793e+03    5.6e-02  5.3e-06   8.2e+04  2.1e+04
   277  0.00000e+00   1.793e+03  1.793e+03    5.6e-02  3.4e-06   8.2e+04  2.1e+04
   278  0.00000e+00   1.793e+03  1.793e+03    5.6e-02  7.9e-06   8.2e+04  2.1e+04
   283  0.00000e+00   1.793e+03  1.793e+03    5.6e-02  8.8e-06   8.3e+04  2.2e+04
   284  0.00000e+00   1.793e+03  1.793e+03    5.6e-02  2.8e-06   8.3e+04  2.2e+04
   285  0.00000e+00   1.793e+03  1.793e+03    5.6e-02  7.8e-06   8.3e+04  2.2e+04
   290  0.00000e+00   1.793e+03  1.793e+03    5.6e-02  3.3e-06   8.4e+04  2.3e+04
   291  0.00000e+00   1.793e+03  1.793e+03    5.6e-02  3.8e-06   8.4e+04  2.3e+04
   292  0.00000e+00   1.793e+03  1.793e+03    5.6e-02  1.3e-05   8.4e+04  2.3e+04
   293  0.00000e+00   1.793e+03  1.793e+03    5.6e-02  4.2e-05   8.4e+04  2.3e+04
   294  0.00000e+00   1.793e+03  1.793e+03    5.6e-02  1.5e-04   8.4e+04  2.3e+04
   295  0.00000e+00   1.793e+03  1.793e+03    5.6e-02  6.1e-05   8.4e+04  2.3e+04
   296  0.00000e+00   1.793e+03  1.793e+03    5.6e-02  8.5e-06   8.5e+04  2.4e+04
   297  0.00000e+00   1.793e+03  1.793e+03    5.6e-02  2.6e-06   8.5e+04  2.4e+04
   298  0.00000e+00   1.793e+03  1.793e+03    5.6e-02  5.2e-06   8.5e+04  2.4e+04
   299  0.00000e+00   1.793e+03  1.793e+03    5.6e-02  2.8e-05   8.5e+04  2.4e+04
   300  0.00000e+00   1.793e+03  1.793e+03    5.6e-02  1.2e-04   8.5e+04  2.4e+04
 
LSQR finished
The iteration limit has been reached                      
 
istop =       7   r1norm = 1.8e+03   anorm = 8.5e+04   arnorm = 1.9e+04
itn   =     300   r2norm = 1.8e+03   acond = 2.4e+04   xnorm  = 4.5e+01
 
Calibration saved to /home/thomasli/spherex/selfcal/outputs/nep_det3_6p2arcsec/calibration/cal_det3_ch8.h5
Processing channels 9
Loading reference frame from: /home/thomasli/spherex/selfcal/outputs/nep_det3_6p2arcsec/ref.fits
Solving least squares for 89679979 unknowns with 299088383 equations.
 
LSQR            Least-squares solution of  Ax = b
The matrix A has 299088383 rows and 89679979 columns
damp = 1.00000000000000e-02   calc_var =        0
atol = 1.00e-06                 conlim = 1.00e+08
btol = 1.00e-06               iter_lim =      300
 
   Itn      x[0]       r1norm     r2norm   Compatible    LS      Norm A   Cond A
     0  0.00000e+00   3.189e+04  3.189e+04    1.0e+00  1.8e-01
     1  0.00000e+00   3.627e+03  3.627e+03    1.1e-01  7.3e-01   5.8e+03  1.0e+00
     2  0.00000e+00   2.311e+03  2.311e+03    7.2e-02  1.5e-01   8.1e+03  2.0e+00
     3  0.00000e+00   2.241e+03  2.241e+03    7.0e-02  4.9e-02   9.5e+03  3.1e+00
     4  0.00000e+00   2.229e+03  2.229e+03    7.0e-02  2.2e-02   1.1e+04  4.3e+00
     5  0.00000e+00   2.226e+03  2.226e+03    7.0e-02  9.2e-03   1.2e+04  5.6e+00
     6  0.00000e+00   2.226e+03  2.226e+03    7.0e-02  3.8e-03   1.3e+04  6.8e+00
     7  0.00000e+00   2.226e+03  2.226e+03    7.0e-02  3.0e-03   1.4e+04  8.2e+00
     8  0.00000e+00   2.225e+03  2.225e+03    7.0e-02  6.7e-03   1.4e+04  1.3e+01
     9  0.00000e+00   2.218e+03  2.218e+03    7.0e-02  2.6e-02   1.5e+04  4.3e+01
    10  0.00000e+00   2.136e+03  2.136e+03    6.7e-02  7.5e-02   1.6e+04  1.6e+02
   164  0.00000e+00   1.779e+03  1.779e+03    5.6e-02  9.5e-06   6.3e+04  9.3e+03
   173  0.00000e+00   1.779e+03  1.779e+03    5.6e-02  8.2e-06   6.5e+04  1.0e+04
   182  0.00000e+00   1.779e+03  1.779e+03    5.6e-02  9.9e-06   6.7e+04  1.1e+04
   183  0.00000e+00   1.779e+03  1.779e+03    5.6e-02  8.7e-06   6.7e+04  1.1e+04
   192  0.00000e+00   1.778e+03  1.778e+03    5.6e-02  7.9e-06   6.8e+04  1.2e+04
   200  0.00000e+00   1.778e+03  1.778e+03    5.6e-02  9.8e-06   7.0e+04  1.2e+04
   201  0.00000e+00   1.778e+03  1.778e+03    5.6e-02  8.1e-06   7.0e+04  1.2e+04
   210  0.00000e+00   1.778e+03  1.778e+03    5.6e-02  5.9e-06   7.1e+04  1.3e+04
   216  0.00000e+00   1.778e+03  1.778e+03    5.6e-02  7.4e-06   7.2e+04  1.4e+04
   217  0.00000e+00   1.778e+03  1.778e+03    5.6e-02  6.3e-06   7.3e+04  1.4e+04
   222  0.00000e+00   1.778e+03  1.778e+03    5.6e-02  7.9e-06   7.4e+04  1.5e+04
   223  0.00000e+00   1.778e+03  1.778e+03    5.6e-02  6.9e-06   7.4e+04  1.5e+04
   226  0.00000e+00   1.778e+03  1.778e+03    5.6e-02  9.9e-06   7.4e+04  1.5e+04
   232  0.00000e+00   1.778e+03  1.778e+03    5.6e-02  6.4e-06   7.5e+04  1.6e+04
   233  0.00000e+00   1.778e+03  1.778e+03    5.6e-02  5.5e-06   7.5e+04  1.6e+04
   242  0.00000e+00   1.778e+03  1.778e+03    5.6e-02  4.5e-06   7.7e+04  1.7e+04
   243  0.00000e+00   1.778e+03  1.778e+03    5.6e-02  7.8e-06   7.7e+04  1.7e+04
   248  0.00000e+00   1.778e+03  1.778e+03    5.6e-02  7.5e-06   7.8e+04  1.8e+04
   249  0.00000e+00   1.778e+03  1.778e+03    5.6e-02  5.8e-06   7.8e+04  1.8e+04
   252  0.00000e+00   1.778e+03  1.778e+03    5.6e-02  7.3e-06   7.8e+04  1.8e+04
   257  0.00000e+00   1.778e+03  1.778e+03    5.6e-02  9.5e-06   7.9e+04  1.9e+04
   258  0.00000e+00   1.778e+03  1.778e+03    5.6e-02  3.8e-06   7.9e+04  1.9e+04
   265  0.00000e+00   1.778e+03  1.778e+03    5.6e-02  6.0e-06   8.0e+04  2.0e+04
   268  0.00000e+00   1.778e+03  1.778e+03    5.6e-02  7.0e-06   8.1e+04  2.0e+04
   269  0.00000e+00   1.778e+03  1.778e+03    5.6e-02  6.1e-06   8.1e+04  2.0e+04
   274  0.00000e+00   1.778e+03  1.778e+03    5.6e-02  6.4e-06   8.2e+04  2.1e+04
   275  0.00000e+00   1.778e+03  1.778e+03    5.6e-02  3.8e-06   8.2e+04  2.1e+04
   276  0.00000e+00   1.778e+03  1.778e+03    5.6e-02  9.0e-06   8.2e+04  2.1e+04
   283  0.00000e+00   1.778e+03  1.778e+03    5.6e-02  8.4e-06   8.3e+04  2.2e+04
   284  0.00000e+00   1.778e+03  1.778e+03    5.6e-02  3.2e-06   8.3e+04  2.2e+04
   285  0.00000e+00   1.778e+03  1.778e+03    5.6e-02  8.3e-06   8.3e+04  2.2e+04
   290  0.00000e+00   1.778e+03  1.778e+03    5.6e-02  5.8e-06   8.4e+04  2.3e+04
   291  0.00000e+00   1.778e+03  1.778e+03    5.6e-02  3.6e-06   8.4e+04  2.3e+04
   292  0.00000e+00   1.778e+03  1.778e+03    5.6e-02  8.5e-06   8.4e+04  2.3e+04
   293  0.00000e+00   1.778e+03  1.778e+03    5.6e-02  2.7e-05   8.4e+04  2.3e+04
   294  0.00000e+00   1.778e+03  1.778e+03    5.6e-02  1.2e-05   8.4e+04  2.3e+04
   295  0.00000e+00   1.778e+03  1.778e+03    5.6e-02  8.6e-06   8.5e+04  2.3e+04
   296  0.00000e+00   1.778e+03  1.778e+03    5.6e-02  3.3e-05   8.5e+04  2.3e+04
   297  0.00000e+00   1.778e+03  1.778e+03    5.6e-02  1.4e-04   8.5e+04  2.4e+04
   298  0.00000e+00   1.778e+03  1.778e+03    5.6e-02  6.5e-05   8.5e+04  2.4e+04
   299  0.00000e+00   1.778e+03  1.778e+03    5.6e-02  1.4e-05   8.5e+04  2.4e+04
   300  0.00000e+00   1.778e+03  1.778e+03    5.6e-02  6.2e-06   8.5e+04  2.4e+04
 
LSQR finished
The iteration limit has been reached                      
 
istop =       7   r1norm = 1.8e+03   anorm = 8.5e+04   arnorm = 9.4e+02
itn   =     300   r2norm = 1.8e+03   acond = 2.4e+04   xnorm  = 4.7e+01
 
Calibration saved to /home/thomasli/spherex/selfcal/outputs/nep_det3_6p2arcsec/calibration/cal_det3_ch9.h5
Processing channels 10
Loading reference frame from: /home/thomasli/spherex/selfcal/outputs/nep_det3_6p2arcsec/ref.fits
Solving least squares for 89679979 unknowns with 296093961 equations.
 
LSQR            Least-squares solution of  Ax = b
The matrix A has 296093961 rows and 89679979 columns
damp = 1.00000000000000e-02   calc_var =        0
atol = 1.00e-06                 conlim = 1.00e+08
btol = 1.00e-06               iter_lim =      300
 
   Itn      x[0]       r1norm     r2norm   Compatible    LS      Norm A   Cond A
     0  0.00000e+00   3.181e+04  3.181e+04    1.0e+00  1.8e-01
     1  0.00000e+00   3.601e+03  3.601e+03    1.1e-01  7.3e-01   5.9e+03  1.0e+00
     2  0.00000e+00   2.324e+03  2.324e+03    7.3e-02  1.5e-01   8.2e+03  2.0e+00
     3  0.00000e+00   2.256e+03  2.256e+03    7.1e-02  5.2e-02   9.6e+03  3.1e+00
     4  0.00000e+00   2.242e+03  2.242e+03    7.0e-02  2.5e-02   1.1e+04  4.3e+00
     5  0.00000e+00   2.239e+03  2.239e+03    7.0e-02  1.1e-02   1.2e+04  5.6e+00
     6  0.00000e+00   2.238e+03  2.238e+03    7.0e-02  4.4e-03   1.3e+04  6.9e+00
     7  0.00000e+00   2.238e+03  2.238e+03    7.0e-02  2.9e-03   1.4e+04  8.3e+00
     8  0.00000e+00   2.237e+03  2.237e+03    7.0e-02  5.6e-03   1.4e+04  1.2e+01
     9  0.00000e+00   2.234e+03  2.234e+03    7.0e-02  1.9e-02   1.5e+04  3.2e+01
    10  0.00000e+00   2.192e+03  2.192e+03    6.9e-02  5.7e-02   1.6e+04  1.1e+02
   183  0.00000e+00   1.756e+03  1.756e+03    5.5e-02  8.4e-06   6.7e+04  1.1e+04
   192  0.00000e+00   1.756e+03  1.756e+03    5.5e-02  7.3e-06   6.9e+04  1.1e+04
   200  0.00000e+00   1.756e+03  1.756e+03    5.5e-02  7.1e-06   7.0e+04  1.2e+04
   207  0.00000e+00   1.756e+03  1.756e+03    5.5e-02  7.5e-06   7.2e+04  1.3e+04
   208  0.00000e+00   1.756e+03  1.756e+03    5.5e-02  8.4e-06   7.2e+04  1.3e+04
   213  0.00000e+00   1.756e+03  1.756e+03    5.5e-02  7.1e-06   7.3e+04  1.4e+04
   214  0.00000e+00   1.756e+03  1.756e+03    5.5e-02  8.6e-06   7.3e+04  1.4e+04
   220  0.00000e+00   1.756e+03  1.756e+03    5.5e-02  9.3e-06   7.4e+04  1.4e+04
   221  0.00000e+00   1.756e+03  1.756e+03    5.5e-02  6.8e-06   7.4e+04  1.4e+04
   228  0.00000e+00   1.756e+03  1.756e+03    5.5e-02  5.8e-06   7.5e+04  1.5e+04
   240  0.00000e+00   1.756e+03  1.756e+03    5.5e-02  6.2e-06   7.7e+04  1.6e+04
   241  0.00000e+00   1.756e+03  1.756e+03    5.5e-02  6.6e-06   7.7e+04  1.6e+04
   251  0.00000e+00   1.756e+03  1.756e+03    5.5e-02  4.9e-06   7.9e+04  1.8e+04
   257  0.00000e+00   1.756e+03  1.756e+03    5.5e-02  6.1e-06   8.0e+04  1.8e+04
   260  0.00000e+00   1.756e+03  1.756e+03    5.5e-02  9.3e-06   8.0e+04  1.9e+04
   261  0.00000e+00   1.756e+03  1.756e+03    5.5e-02  7.6e-06   8.0e+04  1.9e+04
   266  0.00000e+00   1.756e+03  1.756e+03    5.5e-02  4.4e-06   8.1e+04  1.9e+04
   267  0.00000e+00   1.756e+03  1.756e+03    5.5e-02  8.0e-06   8.1e+04  1.9e+04
   276  0.00000e+00   1.756e+03  1.756e+03    5.5e-02  6.1e-06   8.3e+04  2.1e+04
   277  0.00000e+00   1.756e+03  1.756e+03    5.5e-02  4.2e-06   8.3e+04  2.1e+04
   283  0.00000e+00   1.756e+03  1.756e+03    5.5e-02  7.1e-06   8.4e+04  2.1e+04
   284  0.00000e+00   1.756e+03  1.756e+03    5.5e-02  3.7e-06   8.4e+04  2.2e+04
   290  0.00000e+00   1.756e+03  1.756e+03    5.5e-02  4.5e-06   8.5e+04  2.2e+04
   291  0.00000e+00   1.756e+03  1.756e+03    5.5e-02  4.5e-06   8.5e+04  2.2e+04
   292  0.00000e+00   1.756e+03  1.756e+03    5.5e-02  1.1e-05   8.5e+04  2.3e+04
   293  0.00000e+00   1.756e+03  1.756e+03    5.5e-02  4.2e-05   8.5e+04  2.3e+04
   294  0.00000e+00   1.756e+03  1.756e+03    5.5e-02  1.7e-04   8.5e+04  2.3e+04
   295  0.00000e+00   1.756e+03  1.756e+03    5.5e-02  5.2e-05   8.5e+04  2.3e+04
   296  0.00000e+00   1.756e+03  1.756e+03    5.5e-02  5.9e-06   8.6e+04  2.3e+04
   297  0.00000e+00   1.756e+03  1.756e+03    5.5e-02  3.3e-06   8.6e+04  2.3e+04
   298  0.00000e+00   1.756e+03  1.756e+03    5.5e-02  1.7e-05   8.6e+04  2.3e+04
   299  0.00000e+00   1.756e+03  1.756e+03    5.5e-02  1.1e-04   8.6e+04  2.4e+04
   300  0.00000e+00   1.756e+03  1.756e+03    5.5e-02  3.7e-05   8.6e+04  2.4e+04
 
LSQR finished
The iteration limit has been reached                      
 
istop =       7   r1norm = 1.8e+03   anorm = 8.6e+04   arnorm = 5.6e+03
itn   =     300   r2norm = 1.8e+03   acond = 2.4e+04   xnorm  = 4.8e+01
 
Calibration saved to /home/thomasli/spherex/selfcal/outputs/nep_det3_6p2arcsec/calibration/cal_det3_ch10.h5
Processing channels 11
Loading reference frame from: /home/thomasli/spherex/selfcal/outputs/nep_det3_6p2arcsec/ref.fits
Solving least squares for 89679979 unknowns with 285409495 equations.
 
LSQR            Least-squares solution of  Ax = b
The matrix A has 285409495 rows and 89679979 columns
damp = 1.00000000000000e-02   calc_var =        0
atol = 1.00e-06                 conlim = 1.00e+08
btol = 1.00e-06               iter_lim =      300
 
   Itn      x[0]       r1norm     r2norm   Compatible    LS      Norm A   Cond A
     0  0.00000e+00   3.142e+04  3.142e+04    1.0e+00  1.9e-01
     1  0.00000e+00   3.537e+03  3.537e+03    1.1e-01  7.3e-01   5.9e+03  1.0e+00
     2  0.00000e+00   2.301e+03  2.301e+03    7.3e-02  1.4e-01   8.2e+03  2.0e+00
     3  0.00000e+00   2.237e+03  2.237e+03    7.1e-02  5.5e-02   9.7e+03  3.1e+00
     4  0.00000e+00   2.223e+03  2.223e+03    7.1e-02  2.7e-02   1.1e+04  4.3e+00
     5  0.00000e+00   2.218e+03  2.218e+03    7.1e-02  1.2e-02   1.2e+04  5.7e+00
     6  0.00000e+00   2.217e+03  2.217e+03    7.1e-02  5.0e-03   1.3e+04  7.0e+00
     7  0.00000e+00   2.217e+03  2.217e+03    7.1e-02  2.9e-03   1.4e+04  8.3e+00
     8  0.00000e+00   2.216e+03  2.216e+03    7.1e-02  5.4e-03   1.5e+04  1.1e+01
     9  0.00000e+00   2.212e+03  2.212e+03    7.0e-02  2.0e-02   1.5e+04  3.2e+01
    10  0.00000e+00   2.164e+03  2.164e+03    6.9e-02  6.0e-02   1.6e+04  1.2e+02
   190  0.00000e+00   1.690e+03  1.690e+03    5.4e-02  9.7e-06   6.9e+04  1.2e+04
   214  0.00000e+00   1.689e+03  1.689e+03    5.4e-02  9.4e-06   7.3e+04  1.5e+04
   219  0.00000e+00   1.689e+03  1.689e+03    5.4e-02  7.6e-06   7.4e+04  1.6e+04
   240  0.00000e+00   1.689e+03  1.689e+03    5.4e-02  7.1e-06   7.7e+04  1.8e+04
   248  0.00000e+00   1.689e+03  1.689e+03    5.4e-02  7.6e-06   7.9e+04  1.9e+04
   249  0.00000e+00   1.689e+03  1.689e+03    5.4e-02  9.4e-06   7.9e+04  1.9e+04
   258  0.00000e+00   1.689e+03  1.689e+03    5.4e-02  8.1e-06   8.0e+04  2.0e+04
   259  0.00000e+00   1.689e+03  1.689e+03    5.4e-02  9.3e-06   8.0e+04  2.0e+04
   264  0.00000e+00   1.689e+03  1.689e+03    5.4e-02  5.5e-06   8.1e+04  2.1e+04
   271  0.00000e+00   1.689e+03  1.689e+03    5.4e-02  9.5e-06   8.2e+04  2.2e+04
   274  0.00000e+00   1.689e+03  1.689e+03    5.4e-02  6.7e-06   8.3e+04  2.2e+04
   280  0.00000e+00   1.689e+03  1.689e+03    5.4e-02  8.4e-06   8.4e+04  2.3e+04
   281  0.00000e+00   1.689e+03  1.689e+03    5.4e-02  5.3e-06   8.4e+04  2.3e+04
   287  0.00000e+00   1.688e+03  1.688e+03    5.4e-02  5.8e-06   8.5e+04  2.4e+04
   288  0.00000e+00   1.688e+03  1.688e+03    5.4e-02  6.0e-06   8.5e+04  2.4e+04
   290  0.00000e+00   1.688e+03  1.688e+03    5.4e-02  2.1e-04   8.5e+04  2.4e+04
   291  0.00000e+00   1.688e+03  1.688e+03    5.4e-02  1.3e-04   8.5e+04  2.5e+04
   292  0.00000e+00   1.688e+03  1.688e+03    5.4e-02  2.3e-05   8.6e+04  2.5e+04
   293  0.00000e+00   1.688e+03  1.688e+03    5.4e-02  5.0e-06   8.6e+04  2.5e+04
   294  0.00000e+00   1.688e+03  1.688e+03    5.4e-02  6.3e-06   8.6e+04  2.5e+04
   295  0.00000e+00   1.688e+03  1.688e+03    5.4e-02  3.6e-05   8.6e+04  2.5e+04
   296  0.00000e+00   1.688e+03  1.688e+03    5.4e-02  1.6e-04   8.6e+04  2.5e+04
   297  0.00000e+00   1.688e+03  1.688e+03    5.4e-02  1.0e-04   8.6e+04  2.6e+04
   298  0.00000e+00   1.688e+03  1.688e+03    5.4e-02  4.6e-05   8.6e+04  2.6e+04
   299  0.00000e+00   1.688e+03  1.688e+03    5.4e-02  4.8e-05   8.6e+04  2.6e+04
   300  0.00000e+00   1.688e+03  1.688e+03    5.4e-02  9.7e-05   8.7e+04  2.6e+04
 
LSQR finished
The iteration limit has been reached                      
 
istop =       7   r1norm = 1.7e+03   anorm = 8.7e+04   arnorm = 1.4e+04
itn   =     300   r2norm = 1.7e+03   acond = 2.6e+04   xnorm  = 5.3e+01
 
Calibration saved to /home/thomasli/spherex/selfcal/outputs/nep_det3_6p2arcsec/calibration/cal_det3_ch11.h5
Processing channels 12
Loading reference frame from: /home/thomasli/spherex/selfcal/outputs/nep_det3_6p2arcsec/ref.fits
Solving least squares for 89679979 unknowns with 265974282 equations.
 
LSQR            Least-squares solution of  Ax = b
The matrix A has 265974282 rows and 89679979 columns
damp = 1.00000000000000e-02   calc_var =        0
atol = 1.00e-06                 conlim = 1.00e+08
btol = 1.00e-06               iter_lim =      300
 
   Itn      x[0]       r1norm     r2norm   Compatible    LS      Norm A   Cond A
     0  0.00000e+00   3.048e+04  3.048e+04    1.0e+00  1.9e-01
     1  0.00000e+00   3.419e+03  3.419e+03    1.1e-01  7.3e-01   5.8e+03  1.0e+00
     2  0.00000e+00   2.209e+03  2.209e+03    7.2e-02  1.4e-01   8.1e+03  2.0e+00
     3  0.00000e+00   2.146e+03  2.146e+03    7.0e-02  5.0e-02   9.5e+03  3.1e+00
     4  0.00000e+00   2.134e+03  2.134e+03    7.0e-02  2.6e-02   1.1e+04  4.3e+00
     5  0.00000e+00   2.130e+03  2.130e+03    7.0e-02  1.1e-02   1.2e+04  5.7e+00
     6  0.00000e+00   2.129e+03  2.129e+03    7.0e-02  4.5e-03   1.3e+04  7.0e+00
     7  0.00000e+00   2.129e+03  2.129e+03    7.0e-02  3.1e-03   1.4e+04  8.3e+00
     8  0.00000e+00   2.129e+03  2.129e+03    7.0e-02  7.2e-03   1.4e+04  1.2e+01
     9  0.00000e+00   2.121e+03  2.121e+03    7.0e-02  2.8e-02   1.5e+04  4.2e+01
    10  0.00000e+00   2.038e+03  2.038e+03    6.7e-02  6.5e-02   1.6e+04  1.5e+02
   182  0.00000e+00   1.566e+03  1.566e+03    5.1e-02  9.8e-06   6.6e+04  1.1e+04
   207  0.00000e+00   1.565e+03  1.565e+03    5.1e-02  8.7e-06   7.1e+04  1.3e+04
   219  0.00000e+00   1.565e+03  1.565e+03    5.1e-02  8.7e-06   7.2e+04  1.4e+04
   228  0.00000e+00   1.565e+03  1.565e+03    5.1e-02  7.9e-06   7.4e+04  1.5e+04
   235  0.00000e+00   1.565e+03  1.565e+03    5.1e-02  7.4e-06   7.5e+04  1.6e+04
   242  0.00000e+00   1.565e+03  1.565e+03    5.1e-02  6.7e-06   7.6e+04  1.7e+04
   248  0.00000e+00   1.565e+03  1.565e+03    5.1e-02  6.2e-06   7.7e+04  1.8e+04
   254  0.00000e+00   1.565e+03  1.565e+03    5.1e-02  6.3e-06   7.8e+04  1.9e+04
   265  0.00000e+00   1.565e+03  1.565e+03    5.1e-02  8.9e-06   8.0e+04  2.0e+04
   266  0.00000e+00   1.565e+03  1.565e+03    5.1e-02  6.5e-06   8.0e+04  2.0e+04
   274  0.00000e+00   1.565e+03  1.565e+03    5.1e-02  7.3e-06   8.1e+04  2.1e+04
   275  0.00000e+00   1.565e+03  1.565e+03    5.1e-02  6.5e-06   8.1e+04  2.1e+04
   285  0.00000e+00   1.565e+03  1.565e+03    5.1e-02  9.1e-06   8.3e+04  2.2e+04
   288  0.00000e+00   1.565e+03  1.565e+03    5.1e-02  6.0e-06   8.3e+04  2.2e+04
   290  0.00000e+00   1.565e+03  1.565e+03    5.1e-02  6.9e-05   8.3e+04  2.2e+04
   291  0.00000e+00   1.565e+03  1.565e+03    5.1e-02  2.4e-04   8.3e+04  2.3e+04
   292  0.00000e+00   1.565e+03  1.565e+03    5.1e-02  4.4e-05   8.4e+04  2.3e+04
   293  0.00000e+00   1.565e+03  1.565e+03    5.1e-02  6.1e-06   8.4e+04  2.3e+04
   294  0.00000e+00   1.565e+03  1.565e+03    5.1e-02  5.1e-06   8.4e+04  2.3e+04
   295  0.00000e+00   1.565e+03  1.565e+03    5.1e-02  2.2e-05   8.4e+04  2.3e+04
   296  0.00000e+00   1.565e+03  1.565e+03    5.1e-02  9.9e-05   8.4e+04  2.3e+04
   297  0.00000e+00   1.564e+03  1.564e+03    5.1e-02  2.2e-04   8.4e+04  2.4e+04
   298  0.00000e+00   1.564e+03  1.564e+03    5.1e-02  1.1e-04   8.5e+04  2.4e+04
   299  0.00000e+00   1.564e+03  1.564e+03    5.1e-02  2.0e-05   8.5e+04  2.4e+04
   300  0.00000e+00   1.564e+03  1.564e+03    5.1e-02  4.3e-06   8.5e+04  2.4e+04
 
LSQR finished
The iteration limit has been reached                      
 
istop =       7   r1norm = 1.6e+03   anorm = 8.5e+04   arnorm = 5.7e+02
itn   =     300   r2norm = 1.6e+03   acond = 2.4e+04   xnorm  = 5.1e+01
 
Calibration saved to /home/thomasli/spherex/selfcal/outputs/nep_det3_6p2arcsec/calibration/cal_det3_ch12.h5
Processing channels 13
Loading reference frame from: /home/thomasli/spherex/selfcal/outputs/nep_det3_6p2arcsec/ref.fits
Solving least squares for 89679979 unknowns with 238997464 equations.
 
LSQR            Least-squares solution of  Ax = b
The matrix A has 238997464 rows and 89679979 columns
damp = 1.00000000000000e-02   calc_var =        0
atol = 1.00e-06                 conlim = 1.00e+08
btol = 1.00e-06               iter_lim =      300
 
   Itn      x[0]       r1norm     r2norm   Compatible    LS      Norm A   Cond A
     0  0.00000e+00   2.905e+04  2.905e+04    1.0e+00  1.9e-01
     1  0.00000e+00   3.243e+03  3.243e+03    1.1e-01  7.3e-01   5.6e+03  1.0e+00
     2  0.00000e+00   2.077e+03  2.077e+03    7.1e-02  1.4e-01   7.8e+03  2.0e+00
     3  0.00000e+00   2.020e+03  2.020e+03    7.0e-02  4.9e-02   9.2e+03  3.1e+00
     4  0.00000e+00   2.009e+03  2.009e+03    6.9e-02  2.3e-02   1.0e+04  4.3e+00
     5  0.00000e+00   2.006e+03  2.006e+03    6.9e-02  9.8e-03   1.2e+04  5.6e+00
     6  0.00000e+00   2.006e+03  2.006e+03    6.9e-02  4.0e-03   1.3e+04  6.9e+00
     7  0.00000e+00   2.005e+03  2.005e+03    6.9e-02  3.8e-03   1.3e+04  8.4e+00
     8  0.00000e+00   2.005e+03  2.005e+03    6.9e-02  1.0e-02   1.4e+04  1.5e+01
     9  0.00000e+00   1.996e+03  1.996e+03    6.9e-02  2.5e-02   1.5e+04  4.5e+01
    10  0.00000e+00   1.982e+03  1.982e+03    6.8e-02  1.7e-02   1.6e+04  7.3e+01
   202  0.00000e+00   1.414e+03  1.414e+03    4.9e-02  9.8e-06   6.7e+04  1.2e+04
   210  0.00000e+00   1.414e+03  1.414e+03    4.9e-02  8.8e-06   6.8e+04  1.2e+04
   216  0.00000e+00   1.414e+03  1.414e+03    4.9e-02  9.5e-06   6.9e+04  1.3e+04
   222  0.00000e+00   1.414e+03  1.414e+03    4.9e-02  8.1e-06   7.0e+04  1.4e+04
   249  0.00000e+00   1.414e+03  1.414e+03    4.9e-02  9.7e-06   7.4e+04  1.6e+04
   254  0.00000e+00   1.414e+03  1.414e+03    4.9e-02  7.7e-06   7.5e+04  1.7e+04
   255  0.00000e+00   1.414e+03  1.414e+03    4.9e-02  8.5e-06   7.5e+04  1.7e+04
   260  0.00000e+00   1.414e+03  1.414e+03    4.9e-02  9.3e-06   7.6e+04  1.8e+04
   261  0.00000e+00   1.414e+03  1.414e+03    4.9e-02  6.7e-06   7.6e+04  1.8e+04
   267  0.00000e+00   1.414e+03  1.414e+03    4.9e-02  6.1e-06   7.7e+04  1.9e+04
   272  0.00000e+00   1.414e+03  1.414e+03    4.9e-02  6.5e-06   7.8e+04  2.0e+04
   273  0.00000e+00   1.414e+03  1.414e+03    4.9e-02  7.5e-06   7.8e+04  2.0e+04
   282  0.00000e+00   1.414e+03  1.414e+03    4.9e-02  8.6e-06   7.9e+04  2.1e+04
   283  0.00000e+00   1.414e+03  1.414e+03    4.9e-02  7.7e-06   7.9e+04  2.1e+04
   290  0.00000e+00   1.414e+03  1.414e+03    4.9e-02  4.9e-05   8.0e+04  2.1e+04
   291  0.00000e+00   1.414e+03  1.414e+03    4.9e-02  6.0e-05   8.0e+04  2.2e+04
   292  0.00000e+00   1.414e+03  1.414e+03    4.9e-02  5.2e-05   8.1e+04  2.2e+04
   293  0.00000e+00   1.414e+03  1.414e+03    4.9e-02  1.0e-05   8.1e+04  2.2e+04
   294  0.00000e+00   1.414e+03  1.414e+03    4.9e-02  7.4e-06   8.1e+04  2.2e+04
   295  0.00000e+00   1.414e+03  1.414e+03    4.9e-02  9.7e-06   8.1e+04  2.2e+04
   296  0.00000e+00   1.414e+03  1.414e+03    4.9e-02  1.7e-05   8.1e+04  2.2e+04
   297  0.00000e+00   1.414e+03  1.414e+03    4.9e-02  1.2e-05   8.1e+04  2.2e+04
   298  0.00000e+00   1.414e+03  1.414e+03    4.9e-02  1.3e-05   8.1e+04  2.2e+04
   299  0.00000e+00   1.414e+03  1.414e+03    4.9e-02  8.5e-05   8.2e+04  2.2e+04
   300  0.00000e+00   1.414e+03  1.414e+03    4.9e-02  2.2e-04   8.2e+04  2.2e+04
 
LSQR finished
The iteration limit has been reached                      
 
istop =       7   r1norm = 1.4e+03   anorm = 8.2e+04   arnorm = 2.6e+04
itn   =     300   r2norm = 1.4e+03   acond = 2.2e+04   xnorm  = 5.1e+01
 
Calibration saved to /home/thomasli/spherex/selfcal/outputs/nep_det3_6p2arcsec/calibration/cal_det3_ch13.h5
Processing channels 14
Loading reference frame from: /home/thomasli/spherex/selfcal/outputs/nep_det3_6p2arcsec/ref.fits
Solving least squares for 89679979 unknowns with 211210856 equations.
 
LSQR            Least-squares solution of  Ax = b
The matrix A has 211210856 rows and 89679979 columns
damp = 1.00000000000000e-02   calc_var =        0
atol = 1.00e-06                 conlim = 1.00e+08
btol = 1.00e-06               iter_lim =      300
 
   Itn      x[0]       r1norm     r2norm   Compatible    LS      Norm A   Cond A
     0  0.00000e+00   2.728e+04  2.728e+04    1.0e+00  1.9e-01
     1  0.00000e+00   3.071e+03  3.071e+03    1.1e-01  7.5e-01   5.3e+03  1.0e+00
     2  0.00000e+00   1.933e+03  1.933e+03    7.1e-02  1.5e-01   7.4e+03  2.0e+00
     3  0.00000e+00   1.879e+03  1.879e+03    6.9e-02  4.6e-02   8.8e+03  3.1e+00
     4  0.00000e+00   1.871e+03  1.871e+03    6.9e-02  2.1e-02   1.0e+04  4.2e+00
     5  0.00000e+00   1.868e+03  1.868e+03    6.8e-02  8.5e-03   1.1e+04  5.6e+00
     6  0.00000e+00   1.868e+03  1.868e+03    6.8e-02  4.0e-03   1.2e+04  6.8e+00
     7  0.00000e+00   1.868e+03  1.868e+03    6.8e-02  5.2e-03   1.3e+04  8.7e+00
     8  0.00000e+00   1.866e+03  1.866e+03    6.8e-02  1.1e-02   1.3e+04  1.7e+01
     9  0.00000e+00   1.864e+03  1.864e+03    6.8e-02  9.4e-03   1.4e+04  2.8e+01
    10  0.00000e+00   1.862e+03  1.862e+03    6.8e-02  1.1e-02   1.5e+04  3.5e+01
   220  0.00000e+00   1.275e+03  1.275e+03    4.7e-02  8.9e-06   6.7e+04  1.3e+04
   228  0.00000e+00   1.275e+03  1.275e+03    4.7e-02  1.0e-05   6.8e+04  1.4e+04
   247  0.00000e+00   1.275e+03  1.275e+03    4.7e-02  9.0e-06   7.1e+04  1.5e+04
   248  0.00000e+00   1.275e+03  1.275e+03    4.7e-02  8.5e-06   7.1e+04  1.5e+04
   254  0.00000e+00   1.275e+03  1.275e+03    4.7e-02  9.7e-06   7.2e+04  1.6e+04
   255  0.00000e+00   1.275e+03  1.275e+03    4.7e-02  8.9e-06   7.2e+04  1.6e+04
   262  0.00000e+00   1.275e+03  1.275e+03    4.7e-02  6.5e-06   7.3e+04  1.7e+04
   269  0.00000e+00   1.275e+03  1.275e+03    4.7e-02  7.2e-06   7.4e+04  1.8e+04
   270  0.00000e+00   1.275e+03  1.275e+03    4.7e-02  7.6e-06   7.4e+04  1.8e+04
   284  0.00000e+00   1.275e+03  1.275e+03    4.7e-02  6.7e-06   7.6e+04  1.9e+04
   290  0.00000e+00   1.275e+03  1.275e+03    4.7e-02  2.0e-05   7.7e+04  2.0e+04
   291  0.00000e+00   1.275e+03  1.275e+03    4.7e-02  1.1e-05   7.7e+04  2.0e+04
   292  0.00000e+00   1.275e+03  1.275e+03    4.7e-02  6.5e-06   7.7e+04  2.0e+04
   293  0.00000e+00   1.275e+03  1.275e+03    4.7e-02  1.1e-05   7.7e+04  2.0e+04
   294  0.00000e+00   1.275e+03  1.275e+03    4.7e-02  2.1e-05   7.7e+04  2.0e+04
   295  0.00000e+00   1.275e+03  1.275e+03    4.7e-02  5.3e-05   7.8e+04  2.0e+04
   296  0.00000e+00   1.275e+03  1.275e+03    4.7e-02  2.2e-04   7.8e+04  2.0e+04
   297  0.00000e+00   1.275e+03  1.275e+03    4.7e-02  1.3e-04   7.8e+04  2.1e+04
   298  0.00000e+00   1.275e+03  1.275e+03    4.7e-02  3.6e-05   7.8e+04  2.1e+04
   299  0.00000e+00   1.275e+03  1.275e+03    4.7e-02  2.3e-05   7.8e+04  2.1e+04
   300  0.00000e+00   1.275e+03  1.275e+03    4.7e-02  3.1e-05   7.8e+04  2.1e+04
 
LSQR finished
The iteration limit has been reached                      
 
istop =       7   r1norm = 1.3e+03   anorm = 7.8e+04   arnorm = 3.1e+03
itn   =     300   r2norm = 1.3e+03   acond = 2.1e+04   xnorm  = 4.9e+01
 
Calibration saved to /home/thomasli/spherex/selfcal/outputs/nep_det3_6p2arcsec/calibration/cal_det3_ch14.h5
Processing channels 15
Loading reference frame from: /home/thomasli/spherex/selfcal/outputs/nep_det3_6p2arcsec/ref.fits
